81
85
58
80
75
23
23
49
77
72
18
83
76
17
39
82
72
23
84
77
99
7
12
57
12
39
43
41
9
65
48
13
33
67
66
18
88
64
36
68
88
90
36
70
42
12
22
2
52
63
19
37
51
1
83
65
58
83
30
2
9
12
20
93
86
25
84
37
94
32
27
24
24
38
13
82
27
68
73
32
39
34
46
34
58
36
16
28
79
12
80
20
34
96
68
69
67
63
75
56
32
40
68
40
48
43
66
92
58
86
40
36
99
93
95
4
98
59
21
80
97
99
91
52
37
30
96
16
95
3
35
1
87
20
91
89
97
98
43
61
93
78
43
32
55
95
12
47
78
18
8
93
45
63
65
70
69
53
80
44
56
96
72
46
34
60
43
12
70
19
92
50
23
5
26
65
76
63
15
65
46
86
58
98
42
93
56
42
45
42
60
57
77
94
91
26
81
15
56
38
92
49
46
66
90
86
97
4
74
9
43
59
73
14
1
7
3
80
30
64
38
39
20
89
31
73
58
99
19
46
29
46
27
65
70
52
67
78
64
56
86
41
67
74
24
22
94
36
69
76
43
63
75
37
76
22
7
4
26
45
66
29
11
86
46
1
26
25
62
89
35
51
24
97
35
91
65
75
66
80
97
63
0
65
50
31
69
27
20
0
53
45
70
67
54
64
94
22
15
56
72
69
46
81
63
3
90
40
8
37
75
64
50
84
37
8
20
5
69
75
13
89
62
21
84
97
58
26
38
96
1
51
68
18
66
65
95
61
64
31
54
99
37
98
58
36
94
23
75
9
57
0
57
13
11
10
55
95
0
83
11
8
4
40
86
6
71
19
69
76
11
73
93
94
73
56
74
5
67
99
3
40
46
76
11
89
66
74
16
8
57
37
76
9
32
63
45
25
57
69
0
9
47
99
4
40
17
69
62
20
4
20
15
57
74
18
60
52
45
49
14
73
29
29
46
51
33
99
21
5
20
48
75
57
60
62
48
42
26
33
0
20
23
38
60
9
27
12
0
57
26
96
17
62
87
90
24
71
81
2
75
98
32
96
37
70
46
33
32
72
86
24
59
45
78
82
14
52
64
0
10
5
38
79
63
22
51
45
33
76
22
46
55
0
41
6
53
19
59
85
75
1
68
87
56
89
44
44
91
70
0
97
17
72
10
98
51
22
95
12
87
62
15
40
68
56
9
12
4
58
62
11
50
30
48
92
71
99
99
8
90
33
75
17
6
22
44
60
1
90
41
73
35
19
6
29
91
39
91
68
42
97
45
92
36
99
26
45
70
81
92
98
19
93
82
77
44
4
39
90
70
78
71
64
92
22
48
71
4
72
61
93
58
56
7
23
10
63
78
55
82
77
21
43
1
38
73
69
84
49
73
88
23
41
35
1
67
24
58
60
17
67
69
51
79
2
85
22
32
21
69
48
51
53
81
50
65
86
16
97
75
66
72
62
84
32
81
40
65
52
42
65
77
60
33
21
18
91
22
23
75
55
95
35
56
32
74
35
34
95
83
64
15
57
34
64
9
82
22
77
62
43
54
32
78
68
65
31
10
41
95
64
46
46
53
56
97
66
97
58
45
41
86
92
87
8
17
14
91
59
34
2
63
63
83
55
1
46
69
21
56
45
66
66
74
77
49
45
84
2
18
57
77
53
31
65
96
9
70
15
84
45
28
43
64
38
82
77
83
54
89
60
83
42
38
15
58
80
82
61
89
71
84
91
35
54
76
0
45
84
13
76
41
32
93
13
0
11
33
40
51
25
29
48
77
28
82
21
23
58
42
68
86
66
7
72
73
23
25
25
13
17
45
21
3
90
79
43
17
63
81
22
2
50
44
67
59
34
20
95
80
89
85
82
14
59
94
96
18
14
95
76
95
94
19
30
68
77
80
10
66
76
6
30
29
3
52
47
45
59
69
70
37
58
6
72
42
62
95
98
38
58
80
70
84
45
41
91
72
87
51
42
64
11
12
4
95
43
48
45
30
17
37
4
43
12
60
64
24
29
84
47
92
85
34
31
49
88
49
85
57
72
65
79
90
91
37
68
49
99
37
36
88
62
52
89
50
59
25
40
55
80
85
67
32
43
11
34
49
14
77
65
67
24
6
28
89
54
87
63
35
51
53
54
56
45
74
98
60
18
88
59
53
39
2
22
70
42
47
91
46
88
55
37
99
83
81
2
53
73
76
80
54
10
38
39
69
81
3
85
64
33
91
82
6
33
34
64
84
35
30
66
81
35
29
85
11
89
54
90
93
3
67
89
41
27
87
50
35
93
26
96
13
25
8
21
31
87
68
5
89
46
52
14
79
9
5
95
38
58
17
86
79
16
16
24
1
2
37
45
89
22
67
93
51
27
61
20
91
4
90
15
95
47
90
3
95
48
6
46
86
57
74
46
3
44
84
71
35
82
72
14
1
98
25
79
60
89
56
29
34
30
83
50
95
25
72
14
22
45
70
14
81
55
19
80
68
42
92
13
74
89
13
30
44
27
53
55
41
58
99
22
19
38
15
38
44
77
73
7
95
3
5
67
22
43
6
26
15
95
90
88
45
57
34
1
60
20
7
57
2
1
4
55
4
78
54
83
74
39
91
42
13
41
83
12
70
91
7
74
21
98
12
98
31
90
1
21
46
54
69
75
80
76
31
54
45
95
32
9
7
68
59
56
14
65
56
43
89
17
81
82
55
96
16
22
87
65
44
77
67
51
13
59
39
2
77
25
65
68
15
34
73
68
63
17
35
85
8
3
13
50
12
2
11
59
16
40
35
18
85
22
15
36
81
44
27
12
82
58
51
33
9
82
72
40
42
59
11
59
17
52
45
69
29
12
83
57
7
3
92
97
2
37
41
76
34
20
35
98
15
93
68
71
83
76
87
35
80
23
13
53
52
6
91
84
75
33
90
29
64
93
31
85
37
86
85
39
44
87
72
71
91
85
65
98
41
41
13
71
18
55
30
63
47
80
84
84
96
98
80
48
19
32
17
9
77
93
72
14
99
18
32
69
26
45
50
41
20
76
49
19
44
59
1
52
41
27
69
56
74
46
26
36
67
21
9
11
38
12
42
36
70
16
99
27
56
53
69
99
53
83
17
48
97
80
27
3
41
65
95
72
62
21
37
10
76
68
59
28
32
35
70
61
39
53
38
82
56
83
47
16
96
8
64
51
1
79
81
87
99
15
99
65
71
83
9
1
58
76
70
81
63
55
47
70
22
71
63
42
33
20
28
87
55
22
43
92
52
74
54
76
43
66
52
2
1
67
4
43
83
37
52
4
71
72
34
38
23
87
85
50
39
58
85
83
40
55
37
29
50
1
80
53
80
37
71
79
79
26
19
33
41
17
64
10
52
74
38
97
15
39
31
10
71
79
7
58
47
53
73
97
69
12
76
49
3
16
94
37
3
11
2
58
71
33
62
34
34
75
28
51
42
93
26
49
7
95
45
31
67
75
97
73
20
59
7
6
72
48
20
53
57
56
68
46
35
27
37
92
24
26
99
87
88
33
13
4
45
73
56
13
28
18
72
63
22
96
84
70
44
39
3
13
85
41
54
17
82
57
66
60
61
32
95
90
56
58
8
83
25
46
38
80
82
82
32
56
59
37
36
10
33
65
15
71
91
80
15
26
49
22
16
61
67
7
11
37
4
97
36
53
67
84
56
84
66
35
11
59
0
65
62
25
37
29
9
18
23
69
60
70
38
49
12
80
15
9
80
30
86
16
29
59
75
99
62
58
78
17
30
76
63
47
37
43
62
35
16
67
63
76
4
96
93
23
38
44
3
80
1
11
52
21
26
31
38
27
83
77
34
72
68
44
46
48
7
89
90
93
12
45
44
63
64
37
38
47
49
79
21
15
45
96
52
78
65
86
86
69
23
74
84
69
38
50
7
42
79
78
77
51
15
92
54
66
39
43
41
62
11
2
75
54
93
1
48
2
89
93
8
48
5
47
23
23
47
6
8
94
14
58
75
60
22
12
90
97
81
8
59
33
96
92
99
11
52
82
26
41
11
84
61
90
42
30
51
98
59
0
60
18
35
74
12
9
29
65
83
79
79
79
87
43
7
83
76
89
54
23
41
69
78
28
17
57
51
41
12
30
4
1
11
64
47
19
1
58
77
15
75
55
41
51
21
45
95
44
26
52
10
90
1
15
51
31
28
57
11
77
91
44
7
76
86
33
99
85
14
99
65
42
68
66
23
56
68
87
76
39
48
57
24
65
30
2
44
96
74
27
24
96
88
84
28
70
47
25
38
27
71
20
42
76
97
68
70
91
36
15
80
89
25
45
97
89
20
94
20
48
73
97
17
32
17
38
20
86
67
60
23
10
24
82
45
63
73
77
81
59
49
75
90
17
9
75
49
13
29
99
28
33
14
81
69
37
92
5
66
84
20
14
67
6
29
32
79
9
28
94
64
12
29
12
53
73
4
45
59
66
65
56
39
42
61
68
29
72
79
73
83
12
44
90
90
34
14
42
7
6
73
10
45
87
26
70
73
27
6
33
64
38
80
69
98
31
6
99
0
55
25
46
34
57
48
13
63
48
75
68
85
52
48
52
69
31
27
5
81
30
3
17
32
6
10
42
72
11
94
12
65
22
93
29
69
4
93
5
11
83
51
26
10
95
17
54
26
40
34
34
18
67
32
89
62
48
86
11
42
49
67
49
87
9
19
10
9
91
83
8
5
20
82
13
47
18
76
80
47
59
0
12
83
95
23
17
54
42
74
47
25
57
17
76
27
73
4
50
26
9
45
12
74
95
44
69
19
54
61
16
93
50
6
95
85
55
47
47
61
68
87
63
84
36
86
59
44
49
58
1
55
9
21
30
45
91
69
66
73
62
76
92
41
4
22
85
36
27
28
98
83
53
46
81
35
45
67
98
76
62
67
65
66
77
15
84
13
80
69
41
2
26
81
34
26
38
10
25
86
37
65
73
3
81
51
25
67
34
6
1
28
66
55
97
72
96
19
52
12
89
56
51
5
70
16
88
97
58
88
71
6
60
46
48
10
12
42
91
37
22
33
52
55
27
62
83
88
67
49
81
57
65
62
8
79
35
36
17
55
91
90
63
60
75
1
97
12
93
20
16
72
10
21
73
6
50
96
76
22
44
75
64
65
38
73
44
35
8
95
46
8
51
95
26
27
79
83
33
28
29
93
89
37
18
88
78
44
38
34
4
49
76
99
65
79
45
97
3
51
89
37
85
83
61
82
94
36
34
48
76
66
6
26
43
23
41
16
18
34
99
66
85
59
18
37
20
60
69
75
47
74
93
78
40
15
90
77
57
34
6
49
42
39
9
7
65
31
71
69
70
41
26
27
4
99
6
20
70
95
58
1
40
39
41
54
26
69
32
21
26
34
9
34
98
85
17
19
96
99
49
95
68
39
2
16
45
99
20
52
49
17
95
56
96
11
31
59
25
4
56
16
63
71
49
38
78
73
62
12
89
2
82
29
30
3
85
99
8
12
57
85
99
23
57
59
5
55
18
97
79
31
57
8
54
74
88
91
36
98
40
92
33
66
20
78
87
83
90
86
3
31
56
61
42
76
60
35
5
14
69
95
13
31
7
59
94
47
30
59
37
43
46
41
59
42
6
44
23
21
34
74
77
51
58
30
25
68
24
69
34
5
24
85
69
49
49
79
52
41
27
97
51
61
21
67
13
34
80
20
86
32
81
40
3
89
69
62
21
62
76
95
45
96
68
99
31
17
36
57
92
51
15
40
99
95
72
71
81
6
97
34
36
41
26
70
63
27
49
99
82
87
23
98
97
40
99
39
4
92
14
5
42
82
97
28
77
58
8
93
56
32
70
6
86
62
14
49
11
2
88
88
84
50
50
36
98
52
96
17
85
60
14
82
30
37
30
80
35
52
51
20
48
61
51
52
25
29
49
91
26
28
82
59
39
84
24
98
40
41
72
7
24
91
31
1
51
7
89
8
32
88
95
19
77
87
51
36
47
45
3
2
34
88
31
30
40
49
71
10
30
42
11
87
89
34
95
2
49
59
30
17
90
27
63
30
62
2
11
98
62
54
99
0
29
18
55
62
98
91
99
61
92
0
50
49
4
60
4
59
72
43
85
69
21
12
0
69
71
16
73
7
40
63
86
91
30
17
80
65
85
71
97
49
90
70
32
3
5
11
17
62
51
52
1
60
70
96
0
68
92
80
10
11
10
15
21
31
23
26
68
89
99
29
4
55
83
51
85
90
33
58
51
5
32
82
15
44
92
54
68
25
26
99
59
5
45
85
25
60
54
47
86
18
46
48
30
5
27
48
87
84
63
71
34
93
34
26
73
24
91
59
13
17
56
12
60
64
9
58
14
10
42
65
95
95
56
47
84
82
66
71
86
1
45
77
43
96
83
0
96
32
59
27
19
40
94
20
50
84
38
21
8
12
96
38
30
80
68
27
99
48
9
83
88
43
11
18
11
85
79
91
15
84
28
63
27
78
52
69
55
33
4
47
96
80
96
89
29
13
51
21
31
88
60
69
49
52
46
57
25
14
95
72
28
55
46
65
52
80
2
81
98
39
6
35
19
67
6
38
94
5
41
16
59
0
84
32
85
94
62
19
39
8
27
59
74
13
82
64
32
40
96
41
40
66
82
77
29
34
6
72
60
24
82
31
80
18
37
17
66
57
95
3
45
25
26
15
74
38
55
66
48
87
15
11
9
17
22
76
97
97
68
52
36
90
99
58
74
64
97
42
38
86
92
26
6
45
88
28
88
90
87
86
73
48
86
90
30
18
53
94
24
40
55
79
93
3
48
10
17
28
79
88
3
13
51
10
13
83
21
41
27
57
40
75
63
57
35
9
41
6
69
31
78
12
92
16
75
11
41
41
40
67
59
1
63
70
18
90
7
13
20
72
60
93
64
45
10
21
80
31
97
69
27
12
57
85
85
92
15
79
49
83
36
47
13
74
8
1
54
34
16
84
69
22
23
44
18
15
65
88
84
9
19
58
18
44
22
84
16
30
88
29
88
41
60
41
8
25
67
82
46
48
53
52
84
70
32
47
9
85
73
51
89
18
61
21
83
95
25
5
97
18
36
10
61
94
2
99
41
61
25
5
0
77
39
56
6
85
58
30
73
30
73
90
31
5
6
17
92
38
44
15
47
93
18
20
78
32
97
66
49
47
84
82
66
52
94
50
82
46
74
91
70
82
95
37
53
52
35
38
54
83
17
84
77
6
74
94
73
33
22
64
95
78
27
71
70
86
58
36
25
55
59
76
24
16
39
20
51
22
8
7
8
34
31
14
73
98
40
52
95
58
21
83
84
11
95
22
22
26
52
68
64
53
94
41
68
91
35
75
97
32
14
26
16
16
46
27
55
40
9
42
12
63
85
53
85
80
52
20
29
46
39
44
58
9
89
10
80
35
73
78
48
45
80
20
24
24
81
12
19
89
7
56
40
17
38
81
49
6
31
61
60
22
84
57
30
82
42
1
50
47
3
37
77
70
74
95
89
57
91
5
32
44
54
51
86
85
85
63
95
93
70
57
33
97
35
89
15
8
66
48
55
5
33
25
82
2
11
17
13
40
61
5
40
65
74
83
4
2
91
78
31
44
90
68
54
33
36
15
66
55
56
34
50
22
53
48
19
10
31
12
15
35
35
97
47
7
84
25
64
55
52
37
45
89
10
98
62
93
45
77
9
81
8
15
89
4
83
48
4
70
70
78
17
70
15
69
64
27
73
90
99
13
48
60
53
47
82
81
13
62
62
44
94
58
69
96
78
80
55
99
85
91
10
3
17
4
75
14
68
24
93
8
13
7
76
5
42
39
83
65
3
22
19
34
27
77
72
2
30
29
5
37
59
32
38
89
34
53
67
23
69
17
41
11
27
21
64
46
1
79
64
25
49
43
46
27
3
82
39
95
21
52
11
22
27
94
50
69
0
74
19
37
31
95
40
51
5
16
90
55
61
32
57
53
23
62
1
60
26
42
37
99
11
16
42
86
47
33
6
99
87
58
92
77
69
17
54
92
83
72
44
79
31
62
33
67
51
57
50
91
16
7
0
1
80
86
37
1
87
55
69
95
65
10
87
87
27
48
94
86
44
99
45
67
14
0
84
25
32
55
74
59
48
33
69
52
65
15
14
22
56
86
28
27
31
31
93
98
53
69
8
85
24
16
82
17
91
66
45
41
38
83
52
70
31
69
33
10
82
91
0
33
38
14
21
89
16
89
42
60
69
92
45
72
86
32
11
4
31
39
17
5
8
50
67
99
23
90
86
52
35
23
60
13
89
30
13
77
42
69
27
15
52
54
40
79
20
3
52
38
21
88
4
83
36
55
29
6
50
14
45
62
46
82
32
57
56
2
63
15
83
21
76
75
41
54
23
30
20
47
39
69
55
52
7
39
92
21
40
5
83
7
41
68
17
35
77
65
55
25
41
19
59
28
76
80
72
37
7
25
63
41
93
21
41
84
66
31
95
21
47
45
74
90
68
18
21
29
87
51
83
24
70
48
87
64
44
90
67
46
35
40
73
23
10
62
34
92
42
34
61
34
57
13
63
73
48
36
81
1
55
74
22
54
57
86
66
84
46
63
80
98
37
79
98
38
58
64
46
23
82
10
13
64
5
15
93
93
85
98
2
2
24
19
86
4
0
85
28
53
1
13
86
32
47
22
39
97
58
28
91
5
35
3
89
42
69
26
88
3
96
32
24
36
68
78
22
27
1
47
23
43
13
59
39
96
26
74
41
97
68
96
68
12
49
97
23
68
99
48
52
94
91
79
9
16
12
18
54
74
9
42
55
20
63
51
45
25
63
87
75
29
77
83
53
89
92
56
6
76
23
88
70
77
72
7
20
86
63
1
78
58
41
32
13
63
42
69
61
80
99
80
67
14
72
72
3
83
50
56
60
23
27
36
74
15
29
29
55
89
69
11
23
45
36
81
35
54
78
1
90
92
3
20
77
67
85
91
40
53
59
97
81
36
61
79
52
57
97
70
4
79
78
8
75
18
97
4
7
22
68
91
70
82
41
77
77
36
27
84
46
80
95
92
66
53
29
10
33
71
38
81
36
63
41
56
64
33
42
52
14
6
41
15
73
15
59
27
95
42
39
74
52
60
53
41
59
26
41
31
44
92
20
35
29
90
65
91
51
64
21
21
46
33
37
11
71
42
12
34
15
13
4
4
90
13
58
12
4
32
43
55
43
7
27
94
88
94
53
16
54
66
93
92
30
12
5
56
32
12
81
42
27
87
2
48
47
22
61
27
78
27
40
78
64
9
32
17
33
92
50
19
60
80
19
61
0
34
96
29
14
84
20
74
25
27
97
75
61
61
40
64
9
62
63
67
99
63
34
75
36
56
76
3
7
2
89
76
30
16
32
50
65
26
26
18
69
86
80
61
90
23
32
73
88
18
83
90
35
72
74
26
30
60
93
17
79
27
80
91
17
9
85
56
55
1
58
74
79
74
24
18
7
67
13
20
31
86
44
26
70
61
56
49
19
33
70
47
29
33
71
73
5
53
96
7
38
38
48
18
3
27
32
86
52
70
48
53
34
95
50
26
14
0
12
36
62
55
18
81
5
25
58
4
67
1
96
97
72
20
23
2
87
44
10
59
7
35
40
68
8
36
90
97
44
60
1
41
3
80
1
61
10
15
98
89
89
48
90
59
35
24
16
2
6
51
56
67
58
88
95
76
33
6
19
58
4
59
24
6
58
46
16
69
96
94
78
91
91
53
4
91
23
43
19
90
7
33
42
56
58
0
62
9
6
9
6
11
67
93
64
23
22
50
58
44
19
13
38
66
28
13
40
24
65
36
77
74
8
83
54
53
42
69
29
60
13
44
79
59
57
71
5
59
91
16
37
96
90
24
54
3
80
47
22
16
30
79
90
90
71
96
62
2
42
23
63
34
96
16
85
66
70
40
45
36
71
61
12
24
51
66
29
25
81
24
57
44
51
61
77
37
31
23
62
36
98
83
1
50
30
96
61
0
7
71
32
21
40
11
12
94
4
97
52
53
38
72
31
38
46
10
43
55
50
5
76
84
46
16
31
61
1
11
31
60
98
69
48
79
97
53
99
51
52
24
42
52
96
88
98
8
5
68
66
35
82
25
94
0
99
82
36
93
75
62
98
87
40
92
43
38
19
20
78
57
7
79
88
96
25
16
76
76
39
18
21
92
41
41
33
74
40
35
69
61
19
64
64
44
79
48
4
38
54
13
36
3
83
41
66
38
65
74
84
68
92
11
10
92
74
92
36
25
95
96
78
99
43
78
7
94
19
69
80
97
90
77
57
65
53
63
52
46
4
49
62
10
16
67
38
61
62
50
68
0
22
44
6
18
25
30
40
43
35
30
2
63
0
25
91
72
17
4
35
88
78
78
76
88
34
24
32
42
61
45
41
97
85
55
63
42
64
79
95
41
9
25
50
15
70
28
25
16
92
33
98
4
72
71
8
37
95
15
9
93
15
14
75
49
5
64
10
64
64
19
94
61
5
34
95
83
66
26
28
10
64
35
19
74
43
84
49
31
71
40
87
27
92
40
13
2
66
77
62
97
72
82
77
69
90
47
33
24
37
78
65
52
93
85
29
10
9
76
24
64
6
24
56
80
71
9
4
30
64
6
61
31
54
69
45
9
15
49
59
8
13
33
4
28
74
77
73
88
80
37
8
58
16
46
12
59
38
44
93
47
10
99
56
23
16
61
31
81
21
28
54
84
80
10
23
52
47
2
3
16
78
14
63
13
71
13
35
90
51
29
84
5
81
50
61
69
97
72
93
51
63
11
82
64
23
86
86
46
87
11
70
93
28
4
49
89
16
98
7
11
38
75
81
92
23
48
89
34
11
61
1
49
14
84
56
76
77
64
79
48
78
15
53
27
69
6
49
62
6
68
73
64
71
96
86
84
18
99
71
48
61
94
35
71
43
32
28
31
75
65
96
56
28
67
44
49
64
47
48
9
27
8
84
34
99
83
41
27
32
54
56
60
19
70
12
0
71
10
29
9
71
55
57
55
70
50
19
98
12
88
70
50
79
70
75
77
5
73
44
72
43
38
6
75
83
59
78
24
69
65
80
3
77
71
8
71
20
77
41
84
94
24
70
18
9
27
56
48
70
39
36
69
87
6
95
28
94
60
71
77
61
94
99
65
19
35
97
6
10
36
71
57
41
45
29
78
47
89
77
62
20
48
68
92
54
17
63
66
10
26
50
35
21
76
69
62
17
86
58
58
73
74
88
92
40
70
79
80
65
80
33
49
55
48
61
61
18
8
36
49
73